0.4738158379019476 0.0 0.0 0.21767975492689043 0.0 
0.12400357569865025 0.15304852499750426 0.16572230292130827 0.35496781760520646 0.0 
0.0 0.0 0.0 0.0 0.0 
0.0 0.0 0.0 0.0 0.0 
0.5451232124683096 0.45134918469196283 0.4405271449409581 0.2201261233275253 0.0 
0.0 0.0 0.0 0.0 0.0 
0.5188680553342848 0.0 0.0 0.0 0.0 
0.0 0.0 0.0 0.0 -0.998046875 
0.3063482376142266 0.6617269094798264 0.4077579864064554 0.3950382249038715 0.0 
0.5904683416525687 0.8042411212224694 0.21935757952028834 0.5906587880075751 0.0 
0.4274999984074384 0.8995016785226966 0.2434239472704844 0.0 0.0 
0.0 0.0 0.0 0.0 1.0 
